1.000000000000000000e+00 1.000000000000000000e+00 1.000000000000000000e+00 1.000000000000000000e+00 1.000000000000000000e+00 1.000000000000000000e+00 1.000000000000000000e+00 1.000000000000000000e+00 1.000000000000000000e+00 1.000000000000000000e+00
2.000000000000000000e+00 2.000000000000000000e+00 2.000000000000000000e+00 2.000000000000000000e+00 2.000000000000000000e+00 2.000000000000000000e+00 2.000000000000000000e+00 2.000000000000000000e+00 2.000000000000000000e+00 2.000000000000000000e+00
4.000000000000000000e+00 4.000000000000000000e+00 4.000000000000000000e+00 4.000000000000000000e+00 4.000000000000000000e+00 4.000000000000000000e+00 4.000000000000000000e+00 4.000000000000000000e+00 4.000000000000000000e+00 4.000000000000000000e+00
8.000000000000000000e+00 8.000000000000000000e+00 8.000000000000000000e+00 8.000000000000000000e+00 8.000000000000000000e+00 8.000000000000000000e+00 8.000000000000000000e+00 8.000000000000000000e+00 8.000000000000000000e+00 8.000000000000000000e+00
1.600000000000000000e+01 1.600000000000000000e+01 1.600000000000000000e+01 1.600000000000000000e+01 1.600000000000000000e+01 1.600000000000000000e+01 1.600000000000000000e+01 1.600000000000000000e+01 1.600000000000000000e+01 1.600000000000000000e+01
3.200000000000000000e+01 3.200000000000000000e+01 3.200000000000000000e+01 3.200000000000000000e+01 3.200000000000000000e+01 3.200000000000000000e+01 3.200000000000000000e+01 3.200000000000000000e+01 3.200000000000000000e+01 3.200000000000000000e+01
6.400000000000000000e+01 6.400000000000000000e+01 6.400000000000000000e+01 6.400000000000000000e+01 6.400000000000000000e+01 6.400000000000000000e+01 6.400000000000000000e+01 6.400000000000000000e+01 6.400000000000000000e+01 6.400000000000000000e+01
1.280000000000000000e+02 1.280000000000000000e+02 1.280000000000000000e+02 1.280000000000000000e+02 1.280000000000000000e+02 1.280000000000000000e+02 1.280000000000000000e+02 1.280000000000000000e+02 1.280000000000000000e+02 1.280000000000000000e+02
2.560000000000000000e+02 2.560000000000000000e+02 2.560000000000000000e+02 2.560000000000000000e+02 2.560000000000000000e+02 2.560000000000000000e+02 2.560000000000000000e+02 2.560000000000000000e+02 2.560000000000000000e+02 2.560000000000000000e+02
5.120000000000000000e+02 5.120000000000000000e+02 5.120000000000000000e+02 5.120000000000000000e+02 5.120000000000000000e+02 5.120000000000000000e+02 5.120000000000000000e+02 5.120000000000000000e+02 5.120000000000000000e+02 5.120000000000000000e+02
