2.200000000000000000e+11
2.206303724928366699e+11
2.212607449856733398e+11
2.218911174785100403e+11
2.225214899713467102e+11
2.231518624641833801e+11
2.237822349570200500e+11
2.244126074498567200e+11
2.250429799426934204e+11
2.256733524355300903e+11
2.263037249283667603e+11
2.269340974212034302e+11
2.275644699140401001e+11
2.281948424068768005e+11
2.288252148997134705e+11
2.294555873925501404e+11
2.300859598853868103e+11
2.307163323782235107e+11
2.313467048710601807e+11
2.319770773638968506e+11
2.326074498567335205e+11
2.332378223495701904e+11
2.338681948424068909e+11
2.344985673352435608e+11
2.351289398280802307e+11
2.357593123209169006e+11
2.363896848137535706e+11
2.370200573065902710e+11
2.376504297994269409e+11
2.382808022922636108e+11
2.389111747851002808e+11
2.395415472779369507e+11
2.401719197707736511e+11
2.408022922636103210e+11
2.414326647564469910e+11
2.420630372492836609e+11
2.426934097421203613e+11
2.433237822349570312e+11
2.439541547277937012e+11
2.445845272206303711e+11
2.452148997134670410e+11
2.458452722063037109e+11
2.464756446991404114e+11
2.471060171919770813e+11
2.477363896848137512e+11
2.483667621776504211e+11
2.489971346704871216e+11
2.496275071633237915e+11
2.502578796561604614e+11
2.508882521489971313e+11
2.515186246418338013e+11
2.521489971346704712e+11
2.527793696275071716e+11
2.534097421203438416e+11
2.540401146131805115e+11
2.546704871060172119e+11
2.553008595988538818e+11
2.559312320916905518e+11
2.565616045845272217e+11
2.571919770773638916e+11
2.578223495702005615e+11
2.584527220630372620e+11
2.590830945558739319e+11
2.597134670487106018e+11
2.603438395415472717e+11
2.609742120343839722e+11
2.616045845272206421e+11
2.622349570200573120e+11
2.628653295128939819e+11
2.634957020057306519e+11
2.641260744985673218e+11
2.647564469914040222e+11
2.653868194842406921e+11
2.660171919770773621e+11
2.666475644699140320e+11
2.672779369627507324e+11
2.679083094555874023e+11
2.685386819484240723e+11
2.691690544412607422e+11
2.697994269340974121e+11
2.704297994269340820e+11
2.710601719197707825e+11
2.716905444126074524e+11
2.723209169054441223e+11
2.729512893982808228e+11
2.735816618911174927e+11
2.742120343839541626e+11
2.748424068767908325e+11
2.754727793696275024e+11
2.761031518624641724e+11
2.767335243553008423e+11
2.773638968481375122e+11
2.779942693409742432e+11
2.786246418338109131e+11
2.792550143266475830e+11
2.798853868194842529e+11
2.805157593123209229e+11
2.811461318051575928e+11
2.817765042979942627e+11
2.824068767908309326e+11
2.830372492836676025e+11
2.836676217765042725e+11
2.842979942693409424e+11
2.849283667621776733e+11
2.855587392550143433e+11
2.861891117478510132e+11
2.868194842406876831e+11
2.874498567335243530e+11
2.880802292263610229e+11
2.887106017191976929e+11
2.893409742120344238e+11
2.899713467048710938e+11
2.906017191977077637e+11
2.912320916905444336e+11
2.918624641833811035e+11
2.924928366762177734e+11
2.931232091690544434e+11
2.937535816618911133e+11
2.943839541547277832e+11
2.950143266475644531e+11
2.956446991404011230e+11
2.962750716332377930e+11
2.969054441260745239e+11
2.975358166189111938e+11
2.981661891117478638e+11
2.987965616045845337e+11
2.994269340974212036e+11
3.000573065902578735e+11
3.006876790830945435e+11
3.013180515759312134e+11
3.019484240687679443e+11
3.025787965616046143e+11
3.032091690544412842e+11
3.038395415472779541e+11
3.044699140401146240e+11
3.051002865329512939e+11
3.057306590257879639e+11
3.063610315186246338e+11
3.069914040114613037e+11
3.076217765042979736e+11
3.082521489971346436e+11
3.088825214899713135e+11
3.095128939828080444e+11
3.101432664756447144e+11
3.107736389684813843e+11
3.114040114613180542e+11
3.120343839541547241e+11
3.126647564469913940e+11
3.132951289398280640e+11
3.139255014326647949e+11
3.145558739255014648e+11
3.151862464183381348e+11
3.158166189111748047e+11
3.164469914040114746e+11
3.170773638968481445e+11
3.177077363896848145e+11
3.183381088825214844e+11
3.189684813753581543e+11
3.195988538681948242e+11
3.202292263610314941e+11
3.208595988538681641e+11
3.214899713467048950e+11
3.221203438395415649e+11
3.227507163323782349e+11
3.233810888252149048e+11
3.240114613180515747e+11
3.246418338108882446e+11
3.252722063037249146e+11
3.259025787965616455e+11
3.265329512893983154e+11
3.271633237822349854e+11
3.277936962750716553e+11
3.284240687679083252e+11
3.290544412607449951e+11
3.296848137535816650e+11
3.303151862464183350e+11
3.309455587392550049e+11
3.315759312320916748e+11
3.322063037249283447e+11
3.328366762177650146e+11
3.334670487106017456e+11
3.340974212034384155e+11
3.347277936962750854e+11
3.353581661891117554e+11
3.359885386819484253e+11
3.366189111747850952e+11
3.372492836676217651e+11
3.378796561604584351e+11
3.385100286532951660e+11
3.391404011461318359e+11
3.397707736389685059e+11
3.404011461318051758e+11
3.410315186246418457e+11
3.416618911174785156e+11
3.422922636103151855e+11
3.429226361031518555e+11
3.435530085959885254e+11
3.441833810888251953e+11
3.448137535816618652e+11
3.454441260744985352e+11
3.460744985673352661e+11
3.467048710601719360e+11
3.473352435530086060e+11
3.479656160458452759e+11
3.485959885386819458e+11
3.492263610315186157e+11
3.498567335243552856e+11
3.504871060171920166e+11
3.511174785100286865e+11
3.517478510028653564e+11
3.523782234957020264e+11
3.530085959885386963e+11
3.536389684813753662e+11
3.542693409742120361e+11
3.548997134670487061e+11
3.555300859598853760e+11
3.561604584527220459e+11
3.567908309455587158e+11
3.574212034383953857e+11
3.580515759312320557e+11
3.586819484240687866e+11
3.593123209169054565e+11
3.599426934097421265e+11
3.605730659025787964e+11
3.612034383954154663e+11
3.618338108882521973e+11
3.624641833810888672e+11
3.630945558739255371e+11
3.637249283667622070e+11
3.643553008595988770e+11
3.649856733524355469e+11
3.656160458452722168e+11
3.662464183381088867e+11
3.668767908309455566e+11
3.675071633237822266e+11
3.681375358166188965e+11
3.687679083094555664e+11
3.693982808022922363e+11
3.700286532951289062e+11
3.706590257879655762e+11
3.712893982808023071e+11
3.719197707736389771e+11
3.725501432664756470e+11
3.731805157593123169e+11
3.738108882521490479e+11
3.744412607449857178e+11
3.750716332378223877e+11
3.757020057306590576e+11
3.763323782234957275e+11
3.769627507163323975e+11
3.775931232091690674e+11
3.782234957020057373e+11
3.788538681948424072e+11
3.794842406876790771e+11
3.801146131805157471e+11
3.807449856733524170e+11
3.813753581661890869e+11
3.820057306590257568e+11
3.826361031518624268e+11
3.832664756446991577e+11
3.838968481375358276e+11
3.845272206303724976e+11
3.851575931232091675e+11
3.857879656160458374e+11
3.864183381088825684e+11
3.870487106017192383e+11
3.876790830945559082e+11
3.883094555873925781e+11
3.889398280802292480e+11
3.895702005730659180e+11
3.902005730659025879e+11
3.908309455587392578e+11
3.914613180515759277e+11
3.920916905444125977e+11
3.927220630372492676e+11
3.933524355300859375e+11
3.939828080229226074e+11
3.946131805157592773e+11
3.952435530085960083e+11
3.958739255014326782e+11
3.965042979942693481e+11
3.971346704871060181e+11
3.977650429799426880e+11
3.983954154727794189e+11
3.990257879656160889e+11
3.996561604584527588e+11
4.002865329512894287e+11
4.009169054441260986e+11
4.015472779369627686e+11
4.021776504297994385e+11
4.028080229226361084e+11
4.034383954154727783e+11
4.040687679083094482e+11
4.046991404011461182e+11
4.053295128939827881e+11
4.059598853868194580e+11
4.065902578796561279e+11
4.072206303724927979e+11
4.078510028653295288e+11
4.084813753581661987e+11
4.091117478510028687e+11
4.097421203438395386e+11
4.103724928366762695e+11
4.110028653295129395e+11
4.116332378223496094e+11
4.122636103151862793e+11
4.128939828080229492e+11
4.135243553008596191e+11
4.141547277936962891e+11
4.147851002865329590e+11
4.154154727793696289e+11
4.160458452722062988e+11
4.166762177650429688e+11
4.173065902578796387e+11
4.179369627507163086e+11
4.185673352435529785e+11
4.191977077363896484e+11
4.198280802292263794e+11
4.204584527220630493e+11
4.210888252148997192e+11
4.217191977077363892e+11
4.223495702005730591e+11
4.229799426934097900e+11
4.236103151862464600e+11
4.242406876790831299e+11
4.248710601719197998e+11
4.255014326647564697e+11
4.261318051575931396e+11
4.267621776504298096e+11
4.273925501432664795e+11
4.280229226361031494e+11
4.286532951289398193e+11
4.292836676217764893e+11
4.299140401146131592e+11
4.305444126074498291e+11
4.311747851002864990e+11
4.318051575931232300e+11
4.324355300859598999e+11
4.330659025787965698e+11
4.336962750716332397e+11
4.343266475644699097e+11
4.349570200573066406e+11
4.355873925501433105e+11
4.362177650429799805e+11
4.368481375358166504e+11
4.374785100286533203e+11
4.381088825214899902e+11
4.387392550143266602e+11
4.393696275071633301e+11
4.400000000000000000e+11
